序号	水位(m)	下泄流量(m³/s)
1	245.3	0
2	245.38	0.74
3	245.46	2.11
4	245.54	3.87
5	245.62	5.96
6	245.7	8.33
7	245.78	10.94
8	245.86	13.79
9	245.94	16.85
10	246.02	20.11
11	246.1	23.55
12	246.18	27.17
13	246.26	30.96
14	246.34	34.91
15	246.42	39.01
16	246.5	43.26
17	246.58	47.66
18	246.66	52.2
19	246.74	56.87
20	246.82	61.68
21	246.9	66.61
22	246.98	71.67
23	247.06	76.85
24	247.14	82.14
25	247.22	87.56
26	247.3	93.09
27	247.38	98.73
28	247.46	104.48
29	247.54	110.34
30	247.62	116.3
31	247.7	122.37
32	247.78	128.54
33	247.86	134.81
34	247.94	141.18
35	248.02	147.64
36	248.1	154.2
37	248.18	160.86
38	248.26	167.61
39	248.34	174.45
40	248.42	181.38
41	248.5	188.4
42	248.58	195.51
43	248.66	202.7
44	248.74	209.99
45	248.82	217.35
46	248.9	224.8
47	248.98	232.34
48	249.06	239.96
49	249.14	247.66
50	249.22	255.44
51	249.3	263.29
52	249.38	271.23
53	249.46	279.25
54	249.54	287.34
55	249.62	295.51
56	249.7	303.76
57	249.78	312.08
58	249.86	320.48
59	249.94	328.95
60	250.02	337.49
61	250.1	346.11
62	250.18	354.8
63	250.26	363.56
64	250.34	372.39
65	250.42	381.29
66	250.5	390.26
67	250.58	399.3
68	250.66	408.41
69	250.74	417.59
70	250.82	426.83
71	250.9	436.15
72	250.98	445.53
73	251.06	454.97
74	251.14	464.48
75	251.22	474.06
76	251.3	483.7
77	251.38	493.41
78	251.46	503.18
79	251.54	513.01
80	251.62	522.91
81	251.7	532.87
82	251.78	542.89
83	251.86	552.98
84	251.94	563.12
85	252.02	573.33
86	252.1	583.6
87	252.18	593.93
88	252.26	604.32
89	252.34	614.77
90	252.42	625.27
91	252.5	635.84
92	252.58	646.47
93	252.66	657.15
94	252.74	667.9
95	252.82	678.7
96	252.9	689.56
97	252.98	700.48
98	253.06	711.45
99	253.14	722.48
100	253.22	733.57
101	253.3	744.71